Username:
ID:
ADC Setup=4096,
Gain=40,
Threshold=50,
Real= 2000.00,
Live= 1950.66
Channel	Counts
0,	293
1,	88
2,	0
3,	0
4,	0
5,	0
6,	0
7,	0
8,	2
9,	0
10,	0
11,	0
12,	0
13,	0
14,	0
15,	0
16,	0
17,	0
18,	1
19,	0
20,	0
21,	0
22,	0
23,	0
24,	0
25,	0
26,	0
27,	0
28,	0
29,	0
30,	0
31,	1
32,	0
33,	0
34,	0
35,	0
36,	0
37,	0
38,	0
39,	0
40,	0
41,	0
42,	0
43,	0
44,	0
45,	0
46,	0
47,	0
48,	0
49,	0
50,	0
51,	0
52,	1
53,	0
54,	0
55,	0
56,	0
57,	0
58,	0
59,	0
60,	0
61,	0
62,	0
63,	0
64,	0
65,	0
66,	0
67,	0
68,	0
69,	0
70,	0
71,	1
72,	0
73,	0
74,	0
75,	0
76,	0
77,	0
78,	0
79,	0
80,	0
81,	0
82,	0
83,	0
84,	1
85,	0
86,	2
87,	0
88,	0
89,	0
90,	0
91,	0
92,	0
93,	0
94,	0
95,	0
96,	0
97,	2
98,	0
99,	3
100,	1
101,	0
102,	0
103,	1
104,	2
105,	0
106,	1
107,	1
108,	0
109,	0
110,	0
111,	1
112,	0
113,	0
114,	0
115,	0
116,	1
117,	0
118,	0
119,	1
120,	1
121,	1
122,	4
123,	0
124,	3
125,	3
126,	1
127,	14
128,	15
129,	26
130,	804
131,	3265
132,	4087
133,	4371
134,	4529
135,	5122
136,	5285
137,	5410
138,	5477
139,	5453
140,	5221
141,	5240
142,	4998
143,	5049
144,	5032
145,	5060
146,	5060
147,	5079
148,	5215
149,	5217
150,	5333
151,	5304
152,	5231
153,	5185
154,	5341
155,	5295
156,	5355
157,	5397
158,	5220
159,	5325
160,	5348
161,	5436
162,	5255
163,	5370
164,	5316
165,	5344
166,	5441
167,	5286
168,	5407
169,	5436
170,	5430
171,	5469
172,	5555
173,	5579
174,	5472
175,	5427
176,	5579
177,	5622
178,	5590
179,	5697
180,	5736
181,	5775
182,	5651
183,	5743
184,	5683
185,	5730
186,	5918
187,	5899
188,	5868
189,	6034
190,	6205
191,	6150
192,	6457
193,	6378
194,	6536
195,	6541
196,	6241
197,	6247
198,	6163
199,	5985
200,	5744
201,	5551
202,	5350
203,	5320
204,	5193
205,	5242
206,	5124
207,	4941
208,	4980
209,	4980
210,	4884
211,	4956
212,	4847
213,	4833
214,	4855
215,	4815
216,	4741
217,	4818
218,	4947
219,	4856
220,	4744
221,	4818
222,	4933
223,	4765
224,	4689
225,	4755
226,	4742
227,	4751
228,	4780
229,	4617
230,	4700
231,	4650
232,	4678
233,	4621
234,	4743
235,	4703
236,	4659
237,	4491
238,	4731
239,	4628
240,	4703
241,	4740
242,	4569
243,	4659
244,	4832
245,	4681
246,	4670
247,	4632
248,	4667
249,	4573
250,	4852
251,	4753
252,	4728
253,	4746
254,	4805
255,	4772
256,	4721
257,	4697
258,	4762
259,	4765
260,	4710
261,	4706
262,	4654
263,	4704
264,	4732
265,	4760
266,	4702
267,	4626
268,	4625
269,	4631
270,	4590
271,	4602
272,	4464
273,	4574
274,	4448
275,	4430
276,	4269
277,	4175
278,	4173
279,	4218
280,	4055
281,	3815
282,	3784
283,	3770
284,	3581
285,	3558
286,	3640
287,	3494
288,	3468
289,	3242
290,	3246
291,	3205
292,	3226
293,	3232
294,	3040
295,	3206
296,	3103
297,	3119
298,	3112
299,	3088
300,	2972
301,	3176
302,	3055
303,	3022
304,	3141
305,	3273
306,	3238
307,	3244
308,	3348
309,	3302
310,	3325
311,	3266
312,	3187
313,	3146
314,	3172
315,	3001
316,	2864
317,	2773
318,	2705
319,	2680
320,	2484
321,	2463
322,	2486
323,	2497
324,	2416
325,	2404
326,	2409
327,	2414
328,	2401
329,	2320
330,	2377
331,	2306
332,	2197
333,	2257
334,	2176
335,	2168
336,	2168
337,	2254
338,	2201
339,	2105
340,	2131
341,	2127
342,	2090
343,	2035
344,	2062
345,	1983
346,	2092
347,	2034
348,	1986
349,	1976
350,	1948
351,	2027
352,	1975
353,	1999
354,	1953
355,	1944
356,	1920
357,	1910
358,	1904
359,	1914
360,	1943
361,	1850
362,	1942
363,	1814
364,	1815
365,	1909
366,	1841
367,	1897
368,	1896
369,	1864
370,	1888
371,	1796
372,	1816
373,	1805
374,	1771
375,	1812
376,	1844
377,	1762
378,	1788
379,	1758
380,	1805
381,	1834
382,	1830
383,	1766
384,	1804
385,	1890
386,	1882
387,	1849
388,	1902
389,	1814
390,	1912
391,	1925
392,	1882
393,	1866
394,	1941
395,	1949
396,	2009
397,	2135
398,	2204
399,	2349
400,	2565
401,	2886
402,	3244
403,	3737
404,	4373
405,	5018
406,	5971
407,	6713
408,	7443
409,	8238
410,	8796
411,	9010
412,	8806
413,	8539
414,	8140
415,	7225
416,	6577
417,	5673
418,	4722
419,	4068
420,	3333
421,	2814
422,	2407
423,	2177
424,	2003
425,	1872
426,	1837
427,	1757
428,	1773
429,	1700
430,	1754
431,	1742
432,	1690
433,	1805
434,	1759
435,	1739
436,	1879
437,	1770
438,	1812
439,	1824
440,	1926
441,	2069
442,	2065
443,	2037
444,	2132
445,	2193
446,	2256
447,	2476
448,	2597
449,	2947
450,	3293
451,	3721
452,	4464
453,	5430
454,	6694
455,	8429
456,	9756
457,	11595
458,	13703
459,	15575
460,	16898
461,	18160
462,	18719
463,	18966
464,	18041
465,	16946
466,	14986
467,	12987
468,	10938
469,	8849
470,	6830
471,	5385
472,	3989
473,	3147
474,	2424
475,	2011
476,	1604
477,	1433
478,	1317
479,	1248
480,	1204
481,	1167
482,	1191
483,	1109
484,	1103
485,	1140
486,	1159
487,	1126
488,	1106
489,	1165
490,	1046
491,	1101
492,	1095
493,	1091
494,	1095
495,	1148
496,	1065
497,	1086
498,	1090
499,	1078
500,	1091
501,	1127
502,	1104
503,	1091
504,	1162
505,	1092
506,	1089
507,	1112
508,	1091
509,	1153
510,	1202
511,	1187
512,	1248
513,	1287
514,	1309
515,	1320
516,	1335
517,	1395
518,	1376
519,	1426
520,	1455
521,	1390
522,	1371
523,	1441
524,	1359
525,	1485
526,	1463
527,	1531
528,	1529
529,	1565
530,	1537
531,	1672
532,	1725
533,	1703
534,	1743
535,	1811
536,	1991
537,	1977
538,	2132
539,	2068
540,	2238
541,	2389
542,	2525
543,	2699
544,	2734
545,	2896
546,	3059
547,	3218
548,	3343
549,	3818
550,	4158
551,	4827
552,	5664
553,	6910
554,	8532
555,	10903
556,	13625
557,	17269
558,	21559
559,	27033
560,	32256
561,	37995
562,	42926
563,	47201
564,	50441
565,	51603
566,	51019
567,	48988
568,	43923
569,	38970
570,	32715
571,	26640
572,	20967
573,	15795
574,	11818
575,	8335
576,	5876
577,	4147
578,	2885
579,	2146
580,	1604
581,	1225
582,	1031
583,	896
584,	813
585,	815
586,	726
587,	714
588,	714
589,	693
590,	650
591,	690
592,	653
593,	601
594,	677
595,	680
596,	711
597,	678
598,	681
599,	788
600,	728
601,	764
602,	806
603,	819
604,	955
605,	1030
606,	1125
607,	1286
608,	1512
609,	1901
610,	2245
611,	2864
612,	3439
613,	4101
614,	4911
615,	5694
616,	6389
617,	7131
618,	7355
619,	7697
620,	7404
621,	7059
622,	6424
623,	5722
624,	4825
625,	4040
626,	3100
627,	2435
628,	1682
629,	1330
630,	975
631,	684
632,	575
633,	429
634,	394
635,	322
636,	272
637,	270
638,	263
639,	279
640,	233
641,	246
642,	252
643,	236
644,	240
645,	238
646,	226
647,	227
648,	222
649,	226
650,	230
651,	226
652,	220
653,	235
654,	212
655,	194
656,	226
657,	227
658,	213
659,	221
660,	204
661,	205
662,	181
663,	203
664,	214
665,	185
666,	200
667,	196
668,	199
669,	236
670,	217
671,	203
672,	192
673,	201
674,	190
675,	206
676,	185
677,	227
678,	241
679,	231
680,	202
681,	201
682,	208
683,	231
684,	232
685,	193
686,	200
687,	231
688,	239
689,	221
690,	209
691,	223
692,	214
693,	260
694,	215
695,	223
696,	219
697,	223
698,	230
699,	246
700,	262
701,	254
702,	260
703,	277
704,	256
705,	292
706,	289
707,	307
708,	345
709,	324
710,	353
711,	410
712,	455
713,	481
714,	612
715,	658
716,	813
717,	842
718,	967
719,	1027
720,	1043
721,	1118
722,	1242
723,	1174
724,	1171
725,	992
726,	864
727,	780
728,	656
729,	545
730,	416
731,	305
732,	226
733,	234
734,	172
735,	153
736,	141
737,	124
738,	124
739,	114
740,	108
741,	111
742,	119
743,	126
744,	120
745,	117
746,	108
747,	99
748,	113
749,	120
750,	111
751,	110
752,	93
753,	82
754,	111
755,	104
756,	96
757,	100
758,	97
759,	105
760,	110
761,	92
762,	107
763,	105
764,	98
765,	122
766,	85
767,	95
768,	95
769,	83
770,	102
771,	95
772,	115
773,	113
774,	108
775,	111
776,	82
777,	104
778,	96
779,	88
780,	88
781,	98
782,	91
783,	85
784,	92
785,	98
786,	103
787,	89
788,	92
789,	77
790,	87
791,	96
792,	84
793,	89
794,	76
795,	71
796,	90
797,	88
798,	71
799,	92
800,	85
801,	95
802,	84
803,	83
804,	83
805,	91
806,	85
807,	93
808,	75
809,	96
810,	76
811,	99
812,	98
813,	81
814,	86
815,	104
816,	92
817,	83
818,	99
819,	86
820,	86
821,	106
822,	85
823,	101
824,	89
825,	78
826,	79
827,	91
828,	85
829,	99
830,	79
831,	93
832,	79
833,	91
834,	77
835,	91
836,	79
837,	88
838,	98
839,	73
840,	90
841,	94
842,	92
843,	78
844,	81
845,	78
846,	70
847,	84
848,	78
849,	86
850,	83
851,	78
852,	81
853,	85
854,	85
855,	69
856,	84
857,	88
858,	76
859,	69
860,	76
861,	89
862,	78
863,	68
864,	90
865,	93
866,	74
867,	88
868,	90
869,	76
870,	74
871,	78
872,	71
873,	74
874,	74
875,	78
876,	83
877,	91
878,	73
879,	87
880,	78
881,	67
882,	72
883,	63
884,	69
885,	67
886,	69
887,	68
888,	70
889,	63
890,	68
891,	60
892,	73
893,	59
894,	65
895,	72
896,	73
897,	63
898,	63
899,	73
900,	72
901,	59
902,	66
903,	65
904,	74
905,	75
906,	71
907,	59
908,	83
909,	76
910,	77
911,	67
912,	58
913,	67
914,	66
915,	66
916,	65
917,	68
918,	63
919,	70
920,	85
921,	65
922,	70
923,	68
924,	53
925,	73
926,	67
927,	57
928,	56
929,	51
930,	51
931,	53
932,	61
933,	47
934,	59
935,	52
936,	62
937,	74
938,	51
939,	57
940,	59
941,	56
942,	51
943,	61
944,	53
945,	55
946,	70
947,	46
948,	61
949,	50
950,	55
951,	48
952,	45
953,	56
954,	68
955,	50
956,	42
957,	57
958,	39
959,	47
960,	57
961,	55
962,	75
963,	38
964,	54
965,	59
966,	50
967,	50
968,	48
969,	41
970,	59
971,	51
972,	60
973,	51
974,	40
975,	54
976,	46
977,	62
978,	53
979,	37
980,	51
981,	47
982,	60
983,	46
984,	57
985,	46
986,	37
987,	31
988,	56
989,	56
990,	57
991,	42
992,	48
993,	61
994,	61
995,	50
996,	51
997,	59
998,	45
999,	46
1000,	44
1001,	54
1002,	41
1003,	56
1004,	44
1005,	49
1006,	42
1007,	47
1008,	41
1009,	43
1010,	42
1011,	44
1012,	50
1013,	48
1014,	41
1015,	34
1016,	48
1017,	38
1018,	40
1019,	37
1020,	31
1021,	42
1022,	39
1023,	58
1024,	39
1025,	51
1026,	44
1027,	31
1028,	41
1029,	48
1030,	28
1031,	41
1032,	32
1033,	41
1034,	40
1035,	46
1036,	35
1037,	44
1038,	38
1039,	43
1040,	52
1041,	36
1042,	38
1043,	38
1044,	43
1045,	44
1046,	36
1047,	48
1048,	46
1049,	44
1050,	39
1051,	39
1052,	47
1053,	49
1054,	37
1055,	40
1056,	35
1057,	37
1058,	40
1059,	39
1060,	37
1061,	43
1062,	41
1063,	47
1064,	51
1065,	42
1066,	31
1067,	34
1068,	47
1069,	35
1070,	39
1071,	34
1072,	33
1073,	28
1074,	35
1075,	33
1076,	35
1077,	42
1078,	38
1079,	42
1080,	43
1081,	59
1082,	22
1083,	36
1084,	41
1085,	38
1086,	40
1087,	41
1088,	48
1089,	41
1090,	43
1091,	47
1092,	23
1093,	31
1094,	29
1095,	41
1096,	35
1097,	43
1098,	36
1099,	38
1100,	44
1101,	41
1102,	42
1103,	34
1104,	28
1105,	40
1106,	36
1107,	47
1108,	37
1109,	35
1110,	22
1111,	32
1112,	33
1113,	27
1114,	36
1115,	46
1116,	28
1117,	37
1118,	37
1119,	32
1120,	26
1121,	21
1122,	33
1123,	40
1124,	37
1125,	41
1126,	38
1127,	35
1128,	38
1129,	27
1130,	45
1131,	43
1132,	29
1133,	39
1134,	46
1135,	45
1136,	32
1137,	32
1138,	32
1139,	28
1140,	44
1141,	40
1142,	45
1143,	40
1144,	45
1145,	38
1146,	56
1147,	54
1148,	39
1149,	46
1150,	40
1151,	52
1152,	38
1153,	28
1154,	41
1155,	43
1156,	34
1157,	33
1158,	41
1159,	30
1160,	25
1161,	22
1162,	35
1163,	19
1164,	23
1165,	22
1166,	20
1167,	14
1168,	19
1169,	24
1170,	16
1171,	15
1172,	18
1173,	27
1174,	22
1175,	22
1176,	20
1177,	23
1178,	20
1179,	22
1180,	23
1181,	23
1182,	22
1183,	28
1184,	16
1185,	22
1186,	24
1187,	30
1188,	20
1189,	26
1190,	17
1191,	25
1192,	22
1193,	26
1194,	26
1195,	30
1196,	29
1197,	17
1198,	26
1199,	24
1200,	23
1201,	25
1202,	24
1203,	26
1204,	30
1205,	20
1206,	18
1207,	20
1208,	30
1209,	24
1210,	23
1211,	17
1212,	15
1213,	26
1214,	19
1215,	16
1216,	27
1217,	22
1218,	22
1219,	28
1220,	23
1221,	23
1222,	22
1223,	22
1224,	22
1225,	25
1226,	24
1227,	21
1228,	17
1229,	19
1230,	23
1231,	27
1232,	22
1233,	23
1234,	22
1235,	28
1236,	25
1237,	22
1238,	31
1239,	29
1240,	28
1241,	33
1242,	27
1243,	28
1244,	41
1245,	31
1246,	27
1247,	35
1248,	49
1249,	38
1250,	40
1251,	36
1252,	38
1253,	42
1254,	31
1255,	29
1256,	36
1257,	34
1258,	30
1259,	32
1260,	13
1261,	16
1262,	15
1263,	15
1264,	11
1265,	22
1266,	13
1267,	16
1268,	11
1269,	8
1270,	9
1271,	12
1272,	2
1273,	8
1274,	7
1275,	8
1276,	6
1277,	8
1278,	9
1279,	2
1280,	12
1281,	6
1282,	9
1283,	7
1284,	10
1285,	3
1286,	10
1287,	6
1288,	6
1289,	12
1290,	11
1291,	8
1292,	11
1293,	6
1294,	13
1295,	12
1296,	9
1297,	9
1298,	9
1299,	15
1300,	15
1301,	12
1302,	22
1303,	16
1304,	9
1305,	15
1306,	14
1307,	15
1308,	7
1309,	12
1310,	6
1311,	10
1312,	5
1313,	9
1314,	10
1315,	6
1316,	4
1317,	5
1318,	0
1319,	7
1320,	2
1321,	4
1322,	1
1323,	5
1324,	2
1325,	4
1326,	4
1327,	6
1328,	2
1329,	4
1330,	0
1331,	2
1332,	1
1333,	3
1334,	4
1335,	6
1336,	1
1337,	3
1338,	3
1339,	1
1340,	4
1341,	3
1342,	6
1343,	8
1344,	5
1345,	2
1346,	0
1347,	5
1348,	1
1349,	3
1350,	4
1351,	4
1352,	4
1353,	4
1354,	9
1355,	4
1356,	4
1357,	5
1358,	3
1359,	3
1360,	2
1361,	4
1362,	1
1363,	2
1364,	2
1365,	5
1366,	1
1367,	6
1368,	1
1369,	3
1370,	5
1371,	1
1372,	3
1373,	0
1374,	2
1375,	3
1376,	1
1377,	4
1378,	3
1379,	2
1380,	3
1381,	3
1382,	3
1383,	1
1384,	3
1385,	5
1386,	4
1387,	2
1388,	1
1389,	5
1390,	0
1391,	2
1392,	3
1393,	0
1394,	3
1395,	6
1396,	2
1397,	2
1398,	6
1399,	0
1400,	4
1401,	4
1402,	5
1403,	2
1404,	2
1405,	5
1406,	2
1407,	2
1408,	5
1409,	1
1410,	2
1411,	3
1412,	4
1413,	2
1414,	0
1415,	6
1416,	1
1417,	3
1418,	2
1419,	1
1420,	1
1421,	4
1422,	0
1423,	2
1424,	2
1425,	1
1426,	1
1427,	1
1428,	1
1429,	2
1430,	1
1431,	1
1432,	0
1433,	1
1434,	1
1435,	1
1436,	0
1437,	3
1438,	2
1439,	1
1440,	0
1441,	1
1442,	0
1443,	3
1444,	0
1445,	1
1446,	0
1447,	2
1448,	1
1449,	2
1450,	2
1451,	0
1452,	3
1453,	1
1454,	0
1455,	2
1456,	3
1457,	0
1458,	1
1459,	2
1460,	1
1461,	2
1462,	2
1463,	0
1464,	3
1465,	0
1466,	2
1467,	1
1468,	2
1469,	2
1470,	2
1471,	2
1472,	0
1473,	0
1474,	0
1475,	2
1476,	1
1477,	0
1478,	1
1479,	2
1480,	0
1481,	1
1482,	1
1483,	1
1484,	0
1485,	0
1486,	0
1487,	0
1488,	2
1489,	0
1490,	2
1491,	2
1492,	0
1493,	1
1494,	0
1495,	2
1496,	1
1497,	1
1498,	1
1499,	0
1500,	1
1501,	1
1502,	0
1503,	0
1504,	0
1505,	1
1506,	1
1507,	1
1508,	0
1509,	0
1510,	0
1511,	2
1512,	1
1513,	2
1514,	1
1515,	4
1516,	2
1517,	2
1518,	1
1519,	0
1520,	2
1521,	2
1522,	1
1523,	2
1524,	2
1525,	1
1526,	0
1527,	1
1528,	1
1529,	0
1530,	0
1531,	2
1532,	1
1533,	3
1534,	1
1535,	0
1536,	2
1537,	0
1538,	0
1539,	0
1540,	0
1541,	3
1542,	2
1543,	3
1544,	0
1545,	2
1546,	1
1547,	1
1548,	1
1549,	2
1550,	1
1551,	0
1552,	2
1553,	0
1554,	3
1555,	0
1556,	2
1557,	1
1558,	2
1559,	1
1560,	2
1561,	0
1562,	0
1563,	0
1564,	1
1565,	1
1566,	3
1567,	1
1568,	0
1569,	0
1570,	1
1571,	1
1572,	1
1573,	1
1574,	3
1575,	0
1576,	0
1577,	0
1578,	0
1579,	1
1580,	1
1581,	0
1582,	0
1583,	1
1584,	2
1585,	1
1586,	0
1587,	1
1588,	4
1589,	2
1590,	1
1591,	0
1592,	1
1593,	2
1594,	1
1595,	1
1596,	1
1597,	2
1598,	4
1599,	0
1600,	1
1601,	0
1602,	0
1603,	0
1604,	2
1605,	1
1606,	0
1607,	1
1608,	0
1609,	1
1610,	2
1611,	0
1612,	0
1613,	0
1614,	1
1615,	2
1616,	0
1617,	5
1618,	1
1619,	0
1620,	1
1621,	0
1622,	0
1623,	1
1624,	2
1625,	2
1626,	0
1627,	1
1628,	1
1629,	1
1630,	3
1631,	1
1632,	0
1633,	2
1634,	0
1635,	3
1636,	0
1637,	3
1638,	2
1639,	0
1640,	1
1641,	1
1642,	2
1643,	1
1644,	0
1645,	1
1646,	1
1647,	1
1648,	1
1649,	2
1650,	2
1651,	2
1652,	0
1653,	1
1654,	1
1655,	4
1656,	0
1657,	0
1658,	1
1659,	0
1660,	0
1661,	0
1662,	0
1663,	0
1664,	1
1665,	0
1666,	1
1667,	1
1668,	2
1669,	1
1670,	0
1671,	2
1672,	1
1673,	2
1674,	1
1675,	0
1676,	1
1677,	0
1678,	0
1679,	3
1680,	0
1681,	3
1682,	0
1683,	0
1684,	1
1685,	2
1686,	1
1687,	0
1688,	3
1689,	2
1690,	1
1691,	2
1692,	0
1693,	1
1694,	0
1695,	1
1696,	1
1697,	2
1698,	1
1699,	1
1700,	1
1701,	2
1702,	1
1703,	0
1704,	2
1705,	2
1706,	0
1707,	2
1708,	0
1709,	2
1710,	1
1711,	0
1712,	0
1713,	0
1714,	1
1715,	0
1716,	2
1717,	0
1718,	1
1719,	1
1720,	0
1721,	1
1722,	1
1723,	0
1724,	0
1725,	1
1726,	1
1727,	0
1728,	1
1729,	1
1730,	1
1731,	1
1732,	0
1733,	0
1734,	2
1735,	0
1736,	0
1737,	1
1738,	0
1739,	1
1740,	2
1741,	0
1742,	1
1743,	0
1744,	1
1745,	1
1746,	1
1747,	2
1748,	1
1749,	1
1750,	1
1751,	3
1752,	0
1753,	1
1754,	0
1755,	0
1756,	2
1757,	0
1758,	0
1759,	1
1760,	1
1761,	1
1762,	0
1763,	1
1764,	1
1765,	1
1766,	0
1767,	1
1768,	1
1769,	1
1770,	0
1771,	0
1772,	0
1773,	0
1774,	1
1775,	1
1776,	0
1777,	0
1778,	2
1779,	1
1780,	0
1781,	0
1782,	2
1783,	2
1784,	0
1785,	0
1786,	0
1787,	0
1788,	0
1789,	0
1790,	1
1791,	1
1792,	1
1793,	1
1794,	0
1795,	0
1796,	0
1797,	2
1798,	1
1799,	0
1800,	1
1801,	1
1802,	0
1803,	5
1804,	1
1805,	1
1806,	0
1807,	0
1808,	0
1809,	1
1810,	1
1811,	1
1812,	0
1813,	1
1814,	1
1815,	0
1816,	0
1817,	0
1818,	1
1819,	2
1820,	0
1821,	1
1822,	0
1823,	0
1824,	1
1825,	0
1826,	0
1827,	0
1828,	0
1829,	1
1830,	2
1831,	1
1832,	0
1833,	0
1834,	0
1835,	2
1836,	1
1837,	1
1838,	0
1839,	0
1840,	0
1841,	1
1842,	0
1843,	0
1844,	2
1845,	0
1846,	0
1847,	3
1848,	1
1849,	1
1850,	1
1851,	1
1852,	0
1853,	0
1854,	0
1855,	0
1856,	0
1857,	1
1858,	1
1859,	0
1860,	0
1861,	0
1862,	0
1863,	0
1864,	0
1865,	1
1866,	0
1867,	0
1868,	1
1869,	1
1870,	1
1871,	1
1872,	0
1873,	1
1874,	1
1875,	2
1876,	2
1877,	1
1878,	0
1879,	0
1880,	0
1881,	0
1882,	0
1883,	0
1884,	0
1885,	1
1886,	0
1887,	0
1888,	1
1889,	0
1890,	0
1891,	1
1892,	1
1893,	1
1894,	1
1895,	1
1896,	0
1897,	1
1898,	1
1899,	2
1900,	1
1901,	1
1902,	0
1903,	1
1904,	0
1905,	1
1906,	1
1907,	1
1908,	1
1909,	1
1910,	0
1911,	0
1912,	1
1913,	0
1914,	0
1915,	0
1916,	0
1917,	1
1918,	0
1919,	1
1920,	0
1921,	0
1922,	0
1923,	1
1924,	2
1925,	1
1926,	0
1927,	0
1928,	1
1929,	0
1930,	0
1931,	0
1932,	0
1933,	1
1934,	0
1935,	0
1936,	0
1937,	1
1938,	0
1939,	4
1940,	2
1941,	0
1942,	1
1943,	0
1944,	0
1945,	0
1946,	1
1947,	1
1948,	1
1949,	0
1950,	1
1951,	0
1952,	0
1953,	1
1954,	1
1955,	1
1956,	0
1957,	0
1958,	0
1959,	0
1960,	0
1961,	0
1962,	0
1963,	0
1964,	0
1965,	1
1966,	0
1967,	0
1968,	0
1969,	1
1970,	1
1971,	1
1972,	0
1973,	0
1974,	0
1975,	0
1976,	1
1977,	2
1978,	0
1979,	1
1980,	0
1981,	0
1982,	2
1983,	4
1984,	0
1985,	0
1986,	2
1987,	0
1988,	0
1989,	1
1990,	0
1991,	1
1992,	0
1993,	1
1994,	0
1995,	0
1996,	0
1997,	0
1998,	0
1999,	1
2000,	0
2001,	0
2002,	0
2003,	2
2004,	0
2005,	0
2006,	1
2007,	0
2008,	2
2009,	0
2010,	0
2011,	1
2012,	0
2013,	0
2014,	0
2015,	0
2016,	0
2017,	0
2018,	0
2019,	0
2020,	0
2021,	0
2022,	1
2023,	1
2024,	1
2025,	0
2026,	0
2027,	0
2028,	0
2029,	0
2030,	0
2031,	1
2032,	1
2033,	0
2034,	0
2035,	0
2036,	0
2037,	0
2038,	1
2039,	0
2040,	2
2041,	0
2042,	0
2043,	0
2044,	0
2045,	1
2046,	1
2047,	1
2048,	0
2049,	0
2050,	0
2051,	1
2052,	2
2053,	1
2054,	1
2055,	1
2056,	1
2057,	3
2058,	1
2059,	0
2060,	0
2061,	0
2062,	0
2063,	0
2064,	0
2065,	2
2066,	1
2067,	0
2068,	2
2069,	1
2070,	0
2071,	1
2072,	0
2073,	0
2074,	0
2075,	0
2076,	0
2077,	2
2078,	1
2079,	0
2080,	0
2081,	0
2082,	0
2083,	1
2084,	1
2085,	0
2086,	1
2087,	1
2088,	0
2089,	0
2090,	0
2091,	1
2092,	0
2093,	0
2094,	2
2095,	1
2096,	2
2097,	1
2098,	1
2099,	0
2100,	0
2101,	0
2102,	1
2103,	0
2104,	0
2105,	2
2106,	0
2107,	0
2108,	0
2109,	1
2110,	1
2111,	2
2112,	0
2113,	1
2114,	0
2115,	0
2116,	1
2117,	0
2118,	0
2119,	0
2120,	1
2121,	0
2122,	0
2123,	0
2124,	1
2125,	0
2126,	0
2127,	0
2128,	1
2129,	0
2130,	0
2131,	0
2132,	0
2133,	1
2134,	0
2135,	0
2136,	0
2137,	0
2138,	0
2139,	1
2140,	0
2141,	0
2142,	1
2143,	0
2144,	1
2145,	2
2146,	0
2147,	1
2148,	0
2149,	2
2150,	1
2151,	1
2152,	0
2153,	0
2154,	0
2155,	0
2156,	2
2157,	1
2158,	1
2159,	0
2160,	1
2161,	1
2162,	2
2163,	0
2164,	2
2165,	1
2166,	0
2167,	1
2168,	1
2169,	1
2170,	0
2171,	0
2172,	3
2173,	0
2174,	0
2175,	0
2176,	0
2177,	0
2178,	0
2179,	0
2180,	0
2181,	1
2182,	0
2183,	1
2184,	0
2185,	0
2186,	1
2187,	1
2188,	0
2189,	0
2190,	0
2191,	0
2192,	0
2193,	0
2194,	2
2195,	0
2196,	0
2197,	2
2198,	1
2199,	0
2200,	1
2201,	1
2202,	1
2203,	0
2204,	0
2205,	1
2206,	1
2207,	0
2208,	0
2209,	0
2210,	0
2211,	1
2212,	1
2213,	1
2214,	0
2215,	1
2216,	0
2217,	1
2218,	0
2219,	1
2220,	0
2221,	2
2222,	0
2223,	0
2224,	0
2225,	0
2226,	1
2227,	0
2228,	1
2229,	1
2230,	0
2231,	0
2232,	0
2233,	0
2234,	1
2235,	1
2236,	0
2237,	1
2238,	0
2239,	1
2240,	0
2241,	1
2242,	0
2243,	1
2244,	2
2245,	1
2246,	2
2247,	0
2248,	0
2249,	2
2250,	0
2251,	0
2252,	2
2253,	0
2254,	0
2255,	1
2256,	0
2257,	1
2258,	0
2259,	0
2260,	0
2261,	0
2262,	0
2263,	2
2264,	1
2265,	0
2266,	1
2267,	1
2268,	0
2269,	2
2270,	0
2271,	1
2272,	1
2273,	0
2274,	0
2275,	1
2276,	0
2277,	1
2278,	0
2279,	1
2280,	0
2281,	1
2282,	0
2283,	2
2284,	0
2285,	0
2286,	0
2287,	0
2288,	1
2289,	0
2290,	0
2291,	0
2292,	0
2293,	0
2294,	0
2295,	1
2296,	1
2297,	0
2298,	1
2299,	1
2300,	0
2301,	0
2302,	1
2303,	1
2304,	1
2305,	1
2306,	0
2307,	0
2308,	0
2309,	0
2310,	0
2311,	1
2312,	0
2313,	1
2314,	0
2315,	0
2316,	0
2317,	0
2318,	0
2319,	0
2320,	0
2321,	1
2322,	0
2323,	0
2324,	0
2325,	1
2326,	1
2327,	0
2328,	0
2329,	0
2330,	1
2331,	2
2332,	0
2333,	0
2334,	1
2335,	0
2336,	1
2337,	0
2338,	1
2339,	0
2340,	0
2341,	0
2342,	0
2343,	0
2344,	0
2345,	0
2346,	0
2347,	0
2348,	1
2349,	0
2350,	0
2351,	0
2352,	3
2353,	0
2354,	0
2355,	0
2356,	0
2357,	0
2358,	0
2359,	1
2360,	0
2361,	2
2362,	0
2363,	0
2364,	1
2365,	1
2366,	1
2367,	0
2368,	0
2369,	0
2370,	0
2371,	0
2372,	0
2373,	0
2374,	0
2375,	0
2376,	0
2377,	0
2378,	0
2379,	1
2380,	0
2381,	0
2382,	0
2383,	1
2384,	1
2385,	0
2386,	0
2387,	1
2388,	1
2389,	0
2390,	0
2391,	1
2392,	0
2393,	2
2394,	0
2395,	0
2396,	0
2397,	0
2398,	0
2399,	0
2400,	0
2401,	0
2402,	1
2403,	0
2404,	0
2405,	0
2406,	0
2407,	0
2408,	0
2409,	2
2410,	0
2411,	0
2412,	0
2413,	1
2414,	0
2415,	0
2416,	0
2417,	0
2418,	1
2419,	0
2420,	0
2421,	0
2422,	0
2423,	1
2424,	0
2425,	2
2426,	0
2427,	2
2428,	0
2429,	0
2430,	1
2431,	0
2432,	1
2433,	1
2434,	0
2435,	1
2436,	3
2437,	1
2438,	0
2439,	0
2440,	1
2441,	0
2442,	1
2443,	1
2444,	0
2445,	2
2446,	1
2447,	0
2448,	0
2449,	0
2450,	1
2451,	0
2452,	0
2453,	0
2454,	0
2455,	0
2456,	0
2457,	1
2458,	1
2459,	1
2460,	0
2461,	0
2462,	1
2463,	1
2464,	0
2465,	0
2466,	0
2467,	0
2468,	0
2469,	0
2470,	2
2471,	0
2472,	0
2473,	0
2474,	0
2475,	0
2476,	0
2477,	0
2478,	2
2479,	0
2480,	0
2481,	0
2482,	0
2483,	1
2484,	1
2485,	0
2486,	0
2487,	0
2488,	0
2489,	1
2490,	0
2491,	0
2492,	1
2493,	0
2494,	0
2495,	1
2496,	0
2497,	0
2498,	0
2499,	0
2500,	0
2501,	0
2502,	0
2503,	1
2504,	0
2505,	0
2506,	1
2507,	0
2508,	1
2509,	1
2510,	0
2511,	0
2512,	2
2513,	0
2514,	1
2515,	0
2516,	1
2517,	0
2518,	2
2519,	0
2520,	0
2521,	1
2522,	1
2523,	0
2524,	1
2525,	0
2526,	0
2527,	0
2528,	1
2529,	0
2530,	0
2531,	0
2532,	0
2533,	0
2534,	0
2535,	0
2536,	0
2537,	0
2538,	0
2539,	0
2540,	0
2541,	1
2542,	0
2543,	1
2544,	0
2545,	1
2546,	0
2547,	0
2548,	0
2549,	1
2550,	0
2551,	0
2552,	0
2553,	1
2554,	0
2555,	1
2556,	0
2557,	0
2558,	0
2559,	0
2560,	0
2561,	0
2562,	0
2563,	0
2564,	0
2565,	0
2566,	0
2567,	0
2568,	1
2569,	0
2570,	0
2571,	0
2572,	0
2573,	0
2574,	0
2575,	0
2576,	0
2577,	0
2578,	0
2579,	0
2580,	0
2581,	0
2582,	0
2583,	0
2584,	0
2585,	0
2586,	0
2587,	0
2588,	0
2589,	0
2590,	0
2591,	0
2592,	0
2593,	0
2594,	0
2595,	0
2596,	0
2597,	0
2598,	1
2599,	0
2600,	0
2601,	0
2602,	0
2603,	0
2604,	0
2605,	0
2606,	0
2607,	0
2608,	0
2609,	0
2610,	0
2611,	0
2612,	0
2613,	0
2614,	0
2615,	1
2616,	0
2617,	0
2618,	0
2619,	1
2620,	0
2621,	0
2622,	0
2623,	0
2624,	0
2625,	0
2626,	0
2627,	0
2628,	0
2629,	1
2630,	0
2631,	1
2632,	0
2633,	0
2634,	0
2635,	0
2636,	0
2637,	0
2638,	0
2639,	0
2640,	0
2641,	0
2642,	0
2643,	0
2644,	0
2645,	0
2646,	0
2647,	0
2648,	0
2649,	0
2650,	0
2651,	2
2652,	0
2653,	0
2654,	2
2655,	0
2656,	0
2657,	0
2658,	0
2659,	0
2660,	0
2661,	0
2662,	1
2663,	0
2664,	0
2665,	0
2666,	0
2667,	1
2668,	0
2669,	0
2670,	1
2671,	0
2672,	0
2673,	0
2674,	0
2675,	0
2676,	0
2677,	0
2678,	0
2679,	0
2680,	0
2681,	0
2682,	0
2683,	0
2684,	0
2685,	0
2686,	0
2687,	0
2688,	0
2689,	1
2690,	0
2691,	0
2692,	0
2693,	0
2694,	0
2695,	0
2696,	0
2697,	0
2698,	0
2699,	0
2700,	0
2701,	0
2702,	0
2703,	1
2704,	0
2705,	0
2706,	0
2707,	1
2708,	1
2709,	1
2710,	2
2711,	1
2712,	2
2713,	1
2714,	2
2715,	3
2716,	1
2717,	1
2718,	4
2719,	4
2720,	3
2721,	1
2722,	0
2723,	1
2724,	1
2725,	0
2726,	2
2727,	0
2728,	0
2729,	0
2730,	0
2731,	0
2732,	0
2733,	0
2734,	0
2735,	0
2736,	0
2737,	0
2738,	0
2739,	1
2740,	0
2741,	0
2742,	0
2743,	1
2744,	1
2745,	0
2746,	0
2747,	0
2748,	0
2749,	0
2750,	0
2751,	0
2752,	0
2753,	0
2754,	0
2755,	0
2756,	0
2757,	0
2758,	0
2759,	1
2760,	0
2761,	0
2762,	0
2763,	0
2764,	0
2765,	0
2766,	1
2767,	1
2768,	1
2769,	0
2770,	0
2771,	0
2772,	0
2773,	0
2774,	0
2775,	0
2776,	0
2777,	0
2778,	0
2779,	0
2780,	0
2781,	0
2782,	1
2783,	0
2784,	0
2785,	1
2786,	1
2787,	0
2788,	0
2789,	0
2790,	0
2791,	0
2792,	0
2793,	0
2794,	0
2795,	0
2796,	0
2797,	0
2798,	0
2799,	0
2800,	1
2801,	0
2802,	2
2803,	0
2804,	0
2805,	0
2806,	0
2807,	0
2808,	0
2809,	0
2810,	0
2811,	0
2812,	0
2813,	1
2814,	0
2815,	0
2816,	0
2817,	0
2818,	0
2819,	0
2820,	0
2821,	0
2822,	1
2823,	0
2824,	0
2825,	0
2826,	0
2827,	0
2828,	0
2829,	1
2830,	0
2831,	0
2832,	1
2833,	1
2834,	0
2835,	0
2836,	0
2837,	1
2838,	0
2839,	0
2840,	0
2841,	0
2842,	0
2843,	0
2844,	0
2845,	0
2846,	1
2847,	0
2848,	0
2849,	0
2850,	0
2851,	0
2852,	0
2853,	0
2854,	0
2855,	0
2856,	0
2857,	0
2858,	0
2859,	0
2860,	0
2861,	0
2862,	0
2863,	0
2864,	1
2865,	0
2866,	0
2867,	0
2868,	0
2869,	0
2870,	1
2871,	0
2872,	0
2873,	0
2874,	1
2875,	0
2876,	0
2877,	1
2878,	1
2879,	0
2880,	0
2881,	0
2882,	0
2883,	0
2884,	0
2885,	2
2886,	0
2887,	1
2888,	0
2889,	0
2890,	0
2891,	0
2892,	0
2893,	0
2894,	0
2895,	0
2896,	0
2897,	0
2898,	0
2899,	0
2900,	0
2901,	0
2902,	1
2903,	0
2904,	0
2905,	0
2906,	1
2907,	0
2908,	0
2909,	0
2910,	0
2911,	0
2912,	0
2913,	1
2914,	0
2915,	1
2916,	0
2917,	0
2918,	0
2919,	0
2920,	0
2921,	0
2922,	1
2923,	0
2924,	0
2925,	0
2926,	0
2927,	0
2928,	1
2929,	0
2930,	0
2931,	1
2932,	0
2933,	0
2934,	0
2935,	0
2936,	0
2937,	0
2938,	0
2939,	0
2940,	0
2941,	0
2942,	0
2943,	0
2944,	0
2945,	0
2946,	0
2947,	0
2948,	1
2949,	0
2950,	0
2951,	2
2952,	0
2953,	0
2954,	1
2955,	0
2956,	0
2957,	0
2958,	0
2959,	0
2960,	0
2961,	0
2962,	0
2963,	0
2964,	0
2965,	0
2966,	0
2967,	0
2968,	0
2969,	0
2970,	0
2971,	2
2972,	0
2973,	0
2974,	0
2975,	0
2976,	1
2977,	0
2978,	0
2979,	0
2980,	1
2981,	0
2982,	0
2983,	0
2984,	0
2985,	0
2986,	0
2987,	0
2988,	0
2989,	2
2990,	0
2991,	0
2992,	0
2993,	0
2994,	0
2995,	1
2996,	0
2997,	0
2998,	0
2999,	0
3000,	0
3001,	0
3002,	1
3003,	0
3004,	0
3005,	0
3006,	0
3007,	0
3008,	0
3009,	0
3010,	0
3011,	0
3012,	1
3013,	1
3014,	0
3015,	0
3016,	0
3017,	1
3018,	0
3019,	0
3020,	0
3021,	0
3022,	0
3023,	1
3024,	0
3025,	0
3026,	0
3027,	0
3028,	0
3029,	0
3030,	0
3031,	0
3032,	0
3033,	0
3034,	0
3035,	0
3036,	0
3037,	0
3038,	0
3039,	1
3040,	0
3041,	1
3042,	0
3043,	0
3044,	0
3045,	0
3046,	0
3047,	0
3048,	0
3049,	0
3050,	0
3051,	0
3052,	0
3053,	0
3054,	0
3055,	0
3056,	0
3057,	1
3058,	0
3059,	0
3060,	0
3061,	0
3062,	0
3063,	0
3064,	0
3065,	1
3066,	0
3067,	0
3068,	0
3069,	0
3070,	0
3071,	0
3072,	0
3073,	0
3074,	0
3075,	0
3076,	0
3077,	0
3078,	0
3079,	0
3080,	0
3081,	0
3082,	0
3083,	3
3084,	0
3085,	0
3086,	0
3087,	0
3088,	0
3089,	0
3090,	0
3091,	1
3092,	0
3093,	0
3094,	0
3095,	0
3096,	0
3097,	0
3098,	0
3099,	0
3100,	0
3101,	0
3102,	0
3103,	1
3104,	0
3105,	0
3106,	0
3107,	0
3108,	0
3109,	1
3110,	0
3111,	1
3112,	0
3113,	0
3114,	0
3115,	0
3116,	0
3117,	0
3118,	0
3119,	0
3120,	1
3121,	0
3122,	0
3123,	0
3124,	0
3125,	1
3126,	0
3127,	0
3128,	1
3129,	0
3130,	1
3131,	0
3132,	0
3133,	0
3134,	0
3135,	0
3136,	0
3137,	0
3138,	0
3139,	0
3140,	0
3141,	1
3142,	0
3143,	0
3144,	1
3145,	0
3146,	0
3147,	1
3148,	0
3149,	0
3150,	0
3151,	0
3152,	0
3153,	0
3154,	1
3155,	0
3156,	0
3157,	0
3158,	0
3159,	1
3160,	0
3161,	0
3162,	1
3163,	0
3164,	1
3165,	0
3166,	0
3167,	1
3168,	0
3169,	0
3170,	0
3171,	0
3172,	0
3173,	0
3174,	0
3175,	0
3176,	0
3177,	0
3178,	0
3179,	0
3180,	0
3181,	0
3182,	0
3183,	0
3184,	0
3185,	0
3186,	0
3187,	0
3188,	0
3189,	0
3190,	0
3191,	0
3192,	0
3193,	0
3194,	0
3195,	0
3196,	0
3197,	0
3198,	0
3199,	0
3200,	0
3201,	0
3202,	0
3203,	0
3204,	0
3205,	0
3206,	0
3207,	0
3208,	0
3209,	0
3210,	0
3211,	0
3212,	0
3213,	0
3214,	0
3215,	0
3216,	0
3217,	0
3218,	0
3219,	0
3220,	0
3221,	0
3222,	1
3223,	0
3224,	0
3225,	0
3226,	1
3227,	0
3228,	0
3229,	0
3230,	0
3231,	1
3232,	1
3233,	0
3234,	0
3235,	0
3236,	0
3237,	0
3238,	0
3239,	0
3240,	0
3241,	0
3242,	0
3243,	1
3244,	0
3245,	0
3246,	0
3247,	0
3248,	0
3249,	0
3250,	0
3251,	0
3252,	1
3253,	0
3254,	0
3255,	0
3256,	0
3257,	1
3258,	1
3259,	0
3260,	0
3261,	0
3262,	0
3263,	0
3264,	0
3265,	0
3266,	0
3267,	0
3268,	0
3269,	0
3270,	0
3271,	0
3272,	0
3273,	0
3274,	0
3275,	0
3276,	0
3277,	0
3278,	0
3279,	0
3280,	0
3281,	0
3282,	0
3283,	0
3284,	0
3285,	0
3286,	0
3287,	0
3288,	0
3289,	0
3290,	1
3291,	0
3292,	0
3293,	0
3294,	0
3295,	0
3296,	0
3297,	0
3298,	0
3299,	0
3300,	0
3301,	0
3302,	1
3303,	1
3304,	0
3305,	0
3306,	0
3307,	1
3308,	0
3309,	1
3310,	1
3311,	0
3312,	1
3313,	0
3314,	0
3315,	0
3316,	0
3317,	0
3318,	0
3319,	0
3320,	1
3321,	1
3322,	0
3323,	0
3324,	0
3325,	0
3326,	0
3327,	0
3328,	0
3329,	0
3330,	0
3331,	0
3332,	0
3333,	0
3334,	0
3335,	0
3336,	0
3337,	0
3338,	0
3339,	0
3340,	0
3341,	0
3342,	0
3343,	0
3344,	0
3345,	0
3346,	0
3347,	0
3348,	1
3349,	0
3350,	0
3351,	0
3352,	0
3353,	0
3354,	0
3355,	0
3356,	0
3357,	0
3358,	1
3359,	0
3360,	0
3361,	1
3362,	0
3363,	0
3364,	0
3365,	0
3366,	1
3367,	0
3368,	0
3369,	0
3370,	0
3371,	0
3372,	1
3373,	0
3374,	0
3375,	0
3376,	0
3377,	0
3378,	0
3379,	0
3380,	0
3381,	0
3382,	0
3383,	0
3384,	0
3385,	0
3386,	0
3387,	0
3388,	1
3389,	0
3390,	0
3391,	0
3392,	0
3393,	0
3394,	0
3395,	0
3396,	0
3397,	0
3398,	0
3399,	0
3400,	0
3401,	0
3402,	1
3403,	0
3404,	0
3405,	1
3406,	0
3407,	0
3408,	0
3409,	0
3410,	0
3411,	0
3412,	0
3413,	0
3414,	0
3415,	0
3416,	1
3417,	0
3418,	0
3419,	0
3420,	1
3421,	0
3422,	0
3423,	0
3424,	0
3425,	0
3426,	0
3427,	0
3428,	0
3429,	0
3430,	0
3431,	0
3432,	0
3433,	0
3434,	0
3435,	1
3436,	0
3437,	0
3438,	0
3439,	0
3440,	0
3441,	0
3442,	0
3443,	0
3444,	0
3445,	0
3446,	0
3447,	0
3448,	0
3449,	0
3450,	0
3451,	0
3452,	0
3453,	0
3454,	0
3455,	0
3456,	0
3457,	0
3458,	0
3459,	1
3460,	0
3461,	0
3462,	0
3463,	1
3464,	0
3465,	0
3466,	1
3467,	0
3468,	0
3469,	0
3470,	0
3471,	0
3472,	0
3473,	0
3474,	0
3475,	0
3476,	0
3477,	0
3478,	0
3479,	0
3480,	0
3481,	0
3482,	0
3483,	0
3484,	1
3485,	1
3486,	0
3487,	0
3488,	0
3489,	0
3490,	0
3491,	0
3492,	0
3493,	0
3494,	0
3495,	0
3496,	0
3497,	0
3498,	0
3499,	0
3500,	0
3501,	1
3502,	1
3503,	0
3504,	0
3505,	0
3506,	0
3507,	0
3508,	0
3509,	0
3510,	0
3511,	0
3512,	0
3513,	0
3514,	0
3515,	0
3516,	0
3517,	0
3518,	0
3519,	0
3520,	0
3521,	0
3522,	0
3523,	2
3524,	0
3525,	0
3526,	0
3527,	0
3528,	0
3529,	0
3530,	0
3531,	0
3532,	0
3533,	0
3534,	0
3535,	0
3536,	0
3537,	0
3538,	0
3539,	0
3540,	0
3541,	1
3542,	0
3543,	0
3544,	0
3545,	0
3546,	0
3547,	0
3548,	0
3549,	0
3550,	0
3551,	0
3552,	0
3553,	0
3554,	0
3555,	0
3556,	0
3557,	0
3558,	0
3559,	0
3560,	0
3561,	0
3562,	0
3563,	0
3564,	1
3565,	0
3566,	0
3567,	0
3568,	0
3569,	0
3570,	0
3571,	0
3572,	0
3573,	0
3574,	0
3575,	0
3576,	0
3577,	0
3578,	0
3579,	0
3580,	0
3581,	0
3582,	0
3583,	0
3584,	0
3585,	0
3586,	0
3587,	0
3588,	0
3589,	1
3590,	0
3591,	1
3592,	0
3593,	1
3594,	0
3595,	0
3596,	2
3597,	0
3598,	0
3599,	1
3600,	0
3601,	0
3602,	0
3603,	0
3604,	0
3605,	0
3606,	0
3607,	0
3608,	0
3609,	0
3610,	0
3611,	0
3612,	0
3613,	0
3614,	0
3615,	0
3616,	0
3617,	1
3618,	0
3619,	0
3620,	0
3621,	0
3622,	0
3623,	0
3624,	0
3625,	0
3626,	0
3627,	0
3628,	1
3629,	0
3630,	0
3631,	0
3632,	0
3633,	0
3634,	0
3635,	0
3636,	0
3637,	0
3638,	0
3639,	0
3640,	0
3641,	0
3642,	0
3643,	0
3644,	0
3645,	0
3646,	0
3647,	0
3648,	0
3649,	0
3650,	0
3651,	0
3652,	0
3653,	0
3654,	0
3655,	0
3656,	0
3657,	0
3658,	0
3659,	0
3660,	0
3661,	0
3662,	0
3663,	0
3664,	0
3665,	0
3666,	0
3667,	0
3668,	0
3669,	0
3670,	0
3671,	0
3672,	1
3673,	1
3674,	0
3675,	0
3676,	0
3677,	0
3678,	0
3679,	0
3680,	0
3681,	0
3682,	1
3683,	1
3684,	0
3685,	0
3686,	0
3687,	0
3688,	0
3689,	0
3690,	0
3691,	0
3692,	0
3693,	0
3694,	0
3695,	0
3696,	0
3697,	0
3698,	0
3699,	0
3700,	1
3701,	0
3702,	0
3703,	0
3704,	0
3705,	1
3706,	0
3707,	0
3708,	0
3709,	0
3710,	0
3711,	0
3712,	0
3713,	0
3714,	0
3715,	0
3716,	0
3717,	0
3718,	0
3719,	0
3720,	0
3721,	0
3722,	0
3723,	0
3724,	0
3725,	0
3726,	0
3727,	1
3728,	0
3729,	0
3730,	0
3731,	0
3732,	0
3733,	0
3734,	0
3735,	0
3736,	0
3737,	0
3738,	0
3739,	0
3740,	0
3741,	0
3742,	0
3743,	0
3744,	0
3745,	0
3746,	0
3747,	0
3748,	0
3749,	0
3750,	0
3751,	0
3752,	0
3753,	0
3754,	0
3755,	0
3756,	0
3757,	0
3758,	0
3759,	0
3760,	0
3761,	0
3762,	0
3763,	1
3764,	0
3765,	0
3766,	0
3767,	0
3768,	0
3769,	0
3770,	0
3771,	0
3772,	0
3773,	0
3774,	1
3775,	1
3776,	0
3777,	0
3778,	0
3779,	0
3780,	0
3781,	0
3782,	0
3783,	1
3784,	0
3785,	0
3786,	0
3787,	0
3788,	1
3789,	0
3790,	0
3791,	0
3792,	0
3793,	0
3794,	0
3795,	0
3796,	1
3797,	0
3798,	0
3799,	0
3800,	0
3801,	0
3802,	0
3803,	0
3804,	0
3805,	1
3806,	0
3807,	0
3808,	0
3809,	0
3810,	0
3811,	0
3812,	0
3813,	0
3814,	0
3815,	0
3816,	0
3817,	0
3818,	0
3819,	0
3820,	0
3821,	0
3822,	0
3823,	0
3824,	0
3825,	0
3826,	1
3827,	1
3828,	0
3829,	0
3830,	0
3831,	0
3832,	0
3833,	0
3834,	0
3835,	0
3836,	1
3837,	1
3838,	0
3839,	0
3840,	0
3841,	0
3842,	0
3843,	0
3844,	0
3845,	0
3846,	0
3847,	1
3848,	0
3849,	0
3850,	0
3851,	0
3852,	1
3853,	0
3854,	0
3855,	0
3856,	0
3857,	0
3858,	0
3859,	0
3860,	1
3861,	0
3862,	1
3863,	0
3864,	0
3865,	0
3866,	0
3867,	0
3868,	0
3869,	0
3870,	0
3871,	0
3872,	0
3873,	0
3874,	0
3875,	0
3876,	0
3877,	0
3878,	0
3879,	0
3880,	0
3881,	0
3882,	0
3883,	0
3884,	0
3885,	0
3886,	2
3887,	0
3888,	0
3889,	0
3890,	0
3891,	1
3892,	0
3893,	0
3894,	0
3895,	0
3896,	1
3897,	0
3898,	0
3899,	0
3900,	0
3901,	0
3902,	0
3903,	0
3904,	0
3905,	0
3906,	0
3907,	0
3908,	0
3909,	0
3910,	1
3911,	1
3912,	0
3913,	0
3914,	0
3915,	1
3916,	0
3917,	0
3918,	0
3919,	1
3920,	0
3921,	0
3922,	0
3923,	0
3924,	0
3925,	0
3926,	0
3927,	0
3928,	0
3929,	0
3930,	0
3931,	0
3932,	0
3933,	0
3934,	0
3935,	0
3936,	0
3937,	0
3938,	0
3939,	0
3940,	0
3941,	1
3942,	0
3943,	1
3944,	0
3945,	0
3946,	0
3947,	0
3948,	0
3949,	0
3950,	0
3951,	0
3952,	0
3953,	0
3954,	0
3955,	0
3956,	0
3957,	0
3958,	0
3959,	0
3960,	0
3961,	0
3962,	0
3963,	0
3964,	0
3965,	0
3966,	0
3967,	0
3968,	0
3969,	0
3970,	0
3971,	0
3972,	0
3973,	1
3974,	1
3975,	0
3976,	0
3977,	0
3978,	0
3979,	0
3980,	0
3981,	0
3982,	0
3983,	0
3984,	0
3985,	0
3986,	0
3987,	0
3988,	0
3989,	0
3990,	1
3991,	0
3992,	0
3993,	0
3994,	0
3995,	0
3996,	0
3997,	0
3998,	0
3999,	1
4000,	0
4001,	3
4002,	7
4003,	4
4004,	2
4005,	1
4006,	4
4007,	3
4008,	2
4009,	1
4010,	3
4011,	4
4012,	4
4013,	2
4014,	1
4015,	2
4016,	4
4017,	2
4018,	6
4019,	0
4020,	5
4021,	3
4022,	4
4023,	3
4024,	0
4025,	5
4026,	3
4027,	5
4028,	2
4029,	5
4030,	2
4031,	4
4032,	4
4033,	3
4034,	3
4035,	2
4036,	0
4037,	3
4038,	6
4039,	1
4040,	8
4041,	2
4042,	3
4043,	3
4044,	1
4045,	3
4046,	4
4047,	5
4048,	5
4049,	2
4050,	5
4051,	4
4052,	2
4053,	1
4054,	9
4055,	6
4056,	3
4057,	2
4058,	2
4059,	2
4060,	0
4061,	3
4062,	1
4063,	3
4064,	1
4065,	4
4066,	0
4067,	3
4068,	2
4069,	3
4070,	4
4071,	3
4072,	1
4073,	0
4074,	0
4075,	0
4076,	0
4077,	0
4078,	0
4079,	0
4080,	0
4081,	0
4082,	0
4083,	0
4084,	0
4085,	0
4086,	0
4087,	0
4088,	0
4089,	0
4090,	0
4091,	0
4092,	0
4093,	0
4094,	0
4095,	0
